2606:4700:2e:44ce:b535:cb0:39af:ee7c	4	4	0	166.87	29.65	LAX
2606:4700:0:7bbe:3016:87bb:ec6d:cb42	4	4	0	168.02	29.5	LAX
2606:4700:0:7b59:2793:2c1:b62b:9606	4	4	0	167.21	28.35	LAX
2606:4700:2e:4485:6951:faa7:7a79:c4f	4	4	0	167.23	28.32	LAX
2606:4700:2e:4485:69de:ae54:1292:9935	4	4	0	165.18	28.25	LAX
2606:4700::6d:8702:9243:b1e4	4	4	0	163.32	28.22	LAX
2606:4700:2e:866c:92c:35e4:3124:2060	4	4	0	168.07	28.13	LAX
2606:4700:0:7b59:2793:41ea:32bc:84af	4	4	0	165.82	28.04	LAX
2606:4700:0:7b59:2793:fbf7:f6d8:7ac7	4	4	0	165.96	28.04	LAX
2606:4700:0:7bbe:b3fc:382e:47b6:4c40	4	4	0	168.46	27.98	LAX
2606:4700:2e:44c6:ebe:f2ed:9947:ad01	4	4	0	168.12	27.89	LAX
2606:4700::96:a9d4:9881:8ae7	4	4	0	165.32	27.87	LAX
2606:4700:0:7b59:2740:1874:f786:ccf5	4	4	0	168.42	27.8	LAX
2606:4700:0:ec:2fd7:5b05:daad:fb0a	4	4	0	168.47	27.8	LAX

